[0.8253160119056702, 0.8109205961227417, 0.8010086417198181, 0.7326807379722595, 0.5500741004943848]
[0.8008030652999878, 0.7448490858078003, 0.7381815314292908, 0.7283780574798584, 0.5445759892463684]
[0.8173788189888, 0.7559583187103271, 0.7208898663520813, 0.7189018726348877, 0.5527604222297668]
[0.7907140254974365, 0.7360274195671082, 0.7262505888938904, 0.721531093120575, 0.5613459944725037]
[0.7807990908622742, 0.7568502426147461, 0.7020584344863892, 0.6806698441505432, 0.5550320744514465]
[0.7984060049057007, 0.7883858680725098, 0.7407501339912415, 0.7141294479370117, 0.557626485824585]
[0.7783150672912598, 0.7385632991790771, 0.7287045121192932, 0.7275398373603821, 0.5517053008079529]
[0.803954541683197, 0.7815911769866943, 0.771136999130249, 0.7174330353736877, 0.5498087406158447]
[0.8031553626060486, 0.7759605646133423, 0.7507495880126953, 0.6830013990402222, 0.5445982813835144]
[0.8115190863609314, 0.7679144144058228, 0.7068499326705933, 0.7045482993125916, 0.5711717009544373]
