[0.9062036275863647, 0.8837360739707947, 0.8774403929710388, 0.7967793345451355, 0.5755154490470886]
[0.9062036275863647, 0.8837360739707947, 0.8774403929710388, 0.7967793345451355, 0.5755154490470886]
[0.9059128761291504, 0.9057427644729614, 0.8757948279380798, 0.832350492477417, 0.5750432014465332]
[0.8898942470550537, 0.8540262579917908, 0.846225917339325, 0.8175526857376099, 0.588134765625]
[0.9095441102981567, 0.8701822757720947, 0.8687132000923157, 0.80411297082901, 0.566243588924408]
[0.865999162197113, 0.8455125689506531, 0.8310419321060181, 0.8217606544494629, 0.5913186073303223]
[0.8823020458221436, 0.8427059054374695, 0.8336287140846252, 0.8001272678375244, 0.592804491519928]
[0.8843510746955872, 0.8705405592918396, 0.8620132803916931, 0.8600003719329834, 0.5859735608100891]
[0.8728671669960022, 0.8403257727622986, 0.833897054195404, 0.7929091453552246, 0.565280020236969]
[0.8817533254623413, 0.8784018754959106, 0.8567532896995544, 0.7973552942276001, 0.5848532915115356]
